  -3.1415925025939941       -1.5140459014981315E-007   1.5140459021895830E-007
  -3.1205785059211246       -2.1012601081156886E-002   2.1012601081157042E-002
  -3.0995645092482551       -4.2015772594290499E-002   4.2015772594290644E-002
  -3.0785505125753856       -6.3000391126829453E-002   6.3000391126829258E-002
  -3.0575365159025161       -8.3957190462850911E-002   8.3957190462851328E-002
  -3.0365225192296466      -0.10487691667061949       0.10487691667061987     
  -3.0155085225567770      -0.12575033218884291       0.12575033218884299     
  -2.9944945258839075      -0.14656821990572849       0.14656821990572788     
  -2.9734805292110380      -0.16732138722898598       0.16732138722898640     
  -2.9524665325381685      -0.18800067014503591       0.18800067014503541     
  -2.9314525358652990      -0.20859693726556339       0.20859693726556300     
  -2.9104385391924295      -0.22910109385969168       0.22910109385969202     
  -2.8894245425195599      -0.24950408586995565       0.24950408586995554     
  -2.8684105458466904      -0.26979690391031563       0.26979690391031591     
  -2.8473965491738209      -0.28997058724445390       0.28997058724445418     
  -2.8263825525009514      -0.31001622774257831       0.31001622774257842     
  -2.8053685558280819      -0.32992497381500263       0.32992497381500319     
  -2.7843545591552123      -0.34968803432076145       0.34968803432076162     
  -2.7633405624823428      -0.36929668244952751       0.36929668244952779     
  -2.7423265658094733      -0.38874225957512365       0.38874225957512420     
  -2.7213125691366038      -0.40801617907893351       0.40801617907893378     
  -2.7002985724637343      -0.42710993014150489       0.42710993014150500     
  -2.6792845757908648      -0.44601508150068947       0.44601508150068958     
  -2.6582705791179952      -0.46472328517465256       0.46472328517465233     
  -2.6372565824451257      -0.48322628014810132       0.48322628014810187     
  -2.6162425857722562      -0.50151589602012359       0.50151589602012314     
  -2.5952285890993867      -0.51958405661199758       0.51958405661199769     
  -2.5742145924265167      -0.53742278353341510       0.53742278353341533     
  -2.5532005957536472      -0.55502419970550410       0.55502419970550376     
  -2.5321865990807777      -0.57238053283912893       0.57238053283912971     
  -2.5111726024079082      -0.58948411886691843       0.58948411886691843     
  -2.4901586057350387      -0.60632740532749163       0.60632740532749152     
  -2.4691446090621691      -0.62290295470042123       0.62290295470042079     
  -2.4481306123892996      -0.63920344769042825       0.63920344769042803     
  -2.4271166157164301      -0.65522168645937806       0.65522168645937773     
  -2.4061026190435606      -0.67095059780464150       0.67095059780464128     
  -2.3850886223706911      -0.68638323628242337       0.68638323628242359     
  -2.3640746256978216      -0.70151278727467403       0.70151278727467392     
  -2.3430606290249520      -0.71633256999823081       0.71633256999823081     
  -2.3220466323520825      -0.73083604045486616       0.73083604045486639     
  -2.3010326356792130      -0.74501679432093204       0.74501679432093193     
  -2.2800186390063435      -0.75886856977532657       0.75886856977532668     
  -2.2590046423334740      -0.77238525026454141       0.77238525026454130     
  -2.2379906456606045      -0.78556086720355500       0.78556086720355556     
  -2.2169766489877349      -0.79838960261139746       0.79838960261139713     
  -2.1959626523148654      -0.81086579168019846       0.81086579168019823     
  -2.1749486556419959      -0.82298392527661446       0.82298392527661446     
  -2.1539346589691264      -0.83473865237450307       0.83473865237450351     
  -2.1329206622962569      -0.84612478241778755       0.84612478241778710     
  -2.1119066656233874      -0.85713728761245411       0.85713728761245389     
  -2.0908926689505178      -0.86777130514669198       0.86777130514669187     
  -2.0698786722776483      -0.87802213933816953       0.87802213933816942     
  -2.0488646756047788      -0.88788526370751475       0.88788526370751530     
  -2.0278506789319093      -0.89735632297708490       0.89735632297708479     
  -2.0068366822590393      -0.90643113499412853       0.90643113499412808     
  -1.9858226855861700      -0.91510569257750962       0.91510569257750951     
  -1.9648086889133005      -0.92337616528716726       0.92337616528716737     
  -1.9437946922404310      -0.93123890111552732       0.93123890111552754     
  -1.9227806955675615      -0.93869042810012715       0.93869042810012693     
  -1.9017666988946920      -0.94572745585673479       0.94572745585673446     
  -1.8807527022218224      -0.95234687703229204       0.95234687703229204     
  -1.8597387055489529      -0.95854576867703378       0.95854576867703367     
  -1.8387247088760834      -0.96432139353517776       0.96432139353517810     
  -1.8177107122032139      -0.96967120125362394       0.96967120125362360     
  -1.7966967155303444      -0.97459282950811188       0.97459282950811199     
  -1.7756827188574749      -0.97908410504636456       0.97908410504636456     
  -1.7546687221846053      -0.98314304464772873       0.98314304464772895     
  -1.7336547255117358      -0.98676785599891348       0.98676785599891292     
  -1.7126407288388663      -0.98995693848542055       0.98995693848542055     
  -1.6916267321659968      -0.99270888389833756       0.99270888389833734     
  -1.6706127354931273      -0.99502247705615643       0.99502247705615632     
  -1.6495987388202578      -0.99689669634136679       0.99689669634136735     
  -1.6285847421473882      -0.99833071415157515       0.99833071415157515     
  -1.6075707454745187      -0.99932389726494475       0.99932389726494486     
  -1.5865567488016492      -0.99987580711981527       0.99987580711981483     
  -1.5655427521287795      -0.99998620000835392       0.99998620000835381     
  -1.5445287554559100      -0.99965502718417421       0.99965502718417443     
  -1.5235147587830404      -0.99888243488385853       0.99888243488385875     
  -1.5025007621101709      -0.99766876426238449       0.99766876426238471     
  -1.4814867654373014      -0.99601455124248051       0.99601455124248073     
  -1.4604727687644319      -0.99392052627797844       0.99392052627797833     
  -1.4394587720915624      -0.99138761403126430       0.99138761403126374     
  -1.4184447754186928      -0.98841693296497279       0.98841693296497335     
  -1.3974307787458233      -0.98500979484811158       0.98500979484811146     
  -1.3764167820729538      -0.98116770417681143       0.98116770417681154     
  -1.3554027854000843      -0.97689235750999126       0.97689235750999126     
  -1.3343887887272148      -0.97218564272020203       0.97218564272020158     
  -1.3133747920543453      -0.96704963815999445       0.96704963815999423     
  -1.2923607953814757      -0.96148661174418049       0.96148661174418060     
  -1.2713467987086062      -0.95549901994838438       0.95549901994838438     
  -1.2503328020357367      -0.94908950672433035       0.94908950672433068     
  -1.2293188053628672      -0.94226090233235249       0.94226090233235216     
  -1.2083048086899977      -0.93501622209162560       0.93501622209162538     
  -1.1872908120171282      -0.92735866504869113       0.92735866504869113     
  -1.1662768153442586      -0.91929161256484493       0.91929161256484515     
  -1.1452628186713891      -0.91081862682302517       0.91081862682302561     
  -1.1242488219985196      -0.90194344925485170       0.90194344925485193     
  -1.1032348253256501      -0.89266999888851517       0.89266999888851506     
  -1.0822208286527806      -0.88300237061824505       0.88300237061824483     
  -1.0612068319799111      -0.87294483339612094       0.87294483339612028     
  -1.0401928353070415      -0.86250182834702049       0.86250182834702049     
  -1.0191788386341720      -0.85167796680755004       0.85167796680754948     
 -0.99816484196130251      -0.84047802828979923       0.84047802828979923     
 -0.97715084528843299      -0.82890695837085304       0.82890695837085304     
 -0.95613684861556347      -0.81696986650895642       0.81696986650895675     
 -0.93512285194269396      -0.80467202378732683       0.80467202378732716     
 -0.91410885526982444      -0.79201886058659010       0.79201886058658966     
 -0.89309485859695448      -0.77901596418687591       0.77901596418687535     
 -0.87208086192408496      -0.76566907630063685       0.76566907630063663     
 -0.85106686525121544      -0.75198409053726700       0.75198409053726667     
 -0.83005286857834593      -0.73796704980065053       0.73796704980065020     
 -0.80903887190547641      -0.72362414362078509       0.72362414362078520     
 -0.78802487523260689      -0.70896170542066250       0.70896170542066306     
 -0.76701087855973737      -0.69398620971960567       0.69398620971960578     
 -0.74599688188686786      -0.67870426927430194       0.67870426927430194     
 -0.72498288521399834      -0.66312263215879952       0.66312263215879963     
 -0.70396888854112882      -0.64724817878474572       0.64724817878474628     
 -0.68295489186825931      -0.63108791886319437       0.63108791886319437     
 -0.66194089519538979      -0.61464898830930914       0.61464898830930925     
 -0.64092689852252027      -0.59793864609135094       0.59793864609135106     
 -0.61991290184965075      -0.58096427102531845       0.58096427102531834     
 -0.59889890517678124      -0.56373335851667217       0.56373335851667217     
 -0.57788490850391172      -0.54625351725057469       0.54625351725057458     
 -0.55687091183104220      -0.52853246583210911       0.52853246583210933     
 -0.53585691515817269      -0.51057802937796226       0.51057802937796215     
 -0.51484291848530317      -0.49239813606107175       0.49239813606107180     
 -0.49382892181243365      -0.47400081360977053       0.47400081360977026     
 -0.47281492513956414      -0.45539418576296531       0.45539418576296509     
 -0.45180092846669462      -0.43658646868292639       0.43658646868292639     
 -0.43078693179382510      -0.41758596732725928       0.41758596732725906     
 -0.40977293512095558      -0.39840107178166895       0.39840107178166895     
 -0.38875893844808607      -0.37904025355513848       0.37904025355513865     
 -0.36774494177521655      -0.35951206183914541       0.35951206183914541     
 -0.34673094510234703      -0.33982511973258134       0.33982511973258150     
 -0.32571694842947752      -0.31998812043403535       0.31998812043403491     
 -0.30470295175660800      -0.30000982340312010       0.30000982340311994     
 -0.28368895508373848      -0.27989905049254549       0.27989905049254571     
 -0.26267495841086896      -0.25966468205263460       0.25966468205263432     
 -0.24166096173799945      -0.23931565301000901       0.23931565301000876     
 -0.22064696506512993      -0.21886094892218189       0.21886094892218216     
 -0.19963296839226041      -0.19830960200978959       0.19830960200978962     
 -0.17861897171939090      -0.17767068716820855       0.17767068716820869     
 -0.15760497504652138      -0.15695331796035011       0.15695331796034995     
 -0.13659097837365186      -0.13616664259235756       0.13616664259235800     
 -0.11557698170078234      -0.11531983987402417       0.11531983987402447     
  -9.4562985027912827E-002  -9.4422115165682718E-002   9.4422115165683482E-002
  -7.3548988355043310E-002  -7.3482696313385387E-002   7.3482696313385581E-002
  -5.2534991682173793E-002  -5.2510829574136872E-002   5.2510829574136796E-002
  -3.1520995009304276E-002  -3.1515775533010687E-002   3.1515775533010812E-002
  -1.0506998336434759E-002  -1.0506805013959421E-002   1.0506805013959781E-002
   1.0506998336435203E-002  -1.0506805013959421E-002   1.0506805013959781E-002
   3.1520995009304720E-002  -3.1515775533012880E-002   3.1515775533013317E-002
   5.2534991682174237E-002  -5.2510829574136872E-002   5.2510829574136796E-002
   7.3548988355043754E-002  -7.3482696313385387E-002   7.3482696313385581E-002
   9.4562985027913271E-002  -9.4422115165685161E-002   9.4422115165685092E-002
  0.11557698170078279      -0.11531983987402639       0.11531983987402651     
  0.13659097837365231      -0.13616664259235822       0.13616664259235853     
  0.15760497504652182      -0.15695331796035034       0.15695331796035042     
  0.17861897171939134      -0.17767068716820855       0.17767068716820869     
  0.19963296839226086      -0.19830960200978998       0.19830960200978984     
  0.22064696506513037      -0.21886094892218316       0.21886094892218302     
  0.24166096173799989      -0.23931565301000912       0.23931565301000926     
  0.26267495841086941      -0.25966468205263482       0.25966468205263454     
  0.28368895508373893      -0.27989905049254638       0.27989905049254626     
  0.30470295175660844      -0.30000982340312032       0.30000982340312043     
  0.32571694842947796      -0.31998812043403502       0.31998812043403507     
  0.34673094510234748      -0.33982511973258223       0.33982511973258189     
  0.36774494177521699      -0.35951206183914630       0.35951206183914569     
  0.38875893844808651      -0.37904025355513926       0.37904025355513898     
  0.40977293512095603      -0.39840107178166928       0.39840107178166950     
  0.43078693179382554      -0.41758596732725950       0.41758596732725928     
  0.45180092846669506      -0.43658646868292716       0.43658646868292705     
  0.47281492513956458      -0.45539418576296486       0.45539418576296564     
  0.49382892181243410      -0.47400081360977042       0.47400081360977070     
  0.51484291848530361      -0.49239813606107186       0.49239813606107208     
  0.53585691515817313      -0.51057802937796293       0.51057802937796271     
  0.55687091183104265      -0.52853246583210889       0.52853246583210944     
  0.57788490850391216      -0.54625351725057536       0.54625351725057469     
  0.59889890517678168      -0.56373335851667239       0.56373335851667250     
  0.61991290184965120      -0.58096427102531889       0.58096427102531878     
  0.64092689852252072      -0.59793864609135117       0.59793864609135128     
  0.66194089519539023      -0.61464898830930959       0.61464898830930947     
  0.68295489186825975      -0.63108791886319482       0.63108791886319482     
  0.70396888854112927      -0.64724817878474616       0.64724817878474650     
  0.72498288521399878      -0.66312263215879974       0.66312263215879974     
  0.74599688188686830      -0.67870426927430261       0.67870426927430227     
  0.76701087855973782      -0.69398620971960545       0.69398620971960612     
  0.78802487523260734      -0.70896170542066295       0.70896170542066339     
  0.80903887190547685      -0.72362414362078509       0.72362414362078542     
  0.83005286857834637      -0.73796704980065053       0.73796704980065042     
  0.85106686525121589      -0.75198409053726700       0.75198409053726711     
  0.87208086192408540      -0.76566907630063730       0.76566907630063685     
  0.89309485859695492      -0.77901596418687569       0.77901596418687569     
  0.91410885526982444      -0.79201886058659010       0.79201886058658966     
  0.93512285194269396      -0.80467202378732683       0.80467202378732716     
  0.95613684861556347      -0.81696986650895642       0.81696986650895675     
  0.97715084528843299      -0.82890695837085304       0.82890695837085304     
  0.99816484196130251      -0.84047802828979923       0.84047802828979923     
   1.0191788386341720      -0.85167796680755004       0.85167796680754948     
   1.0401928353070415      -0.86250182834702049       0.86250182834702049     
   1.0612068319799111      -0.87294483339612094       0.87294483339612028     
   1.0822208286527806      -0.88300237061824505       0.88300237061824483     
   1.1032348253256501      -0.89266999888851517       0.89266999888851506     
   1.1242488219985196      -0.90194344925485170       0.90194344925485193     
   1.1452628186713891      -0.91081862682302517       0.91081862682302561     
   1.1662768153442586      -0.91929161256484493       0.91929161256484515     
   1.1872908120171282      -0.92735866504869113       0.92735866504869113     
   1.2083048086899977      -0.93501622209162560       0.93501622209162538     
   1.2293188053628672      -0.94226090233235249       0.94226090233235216     
   1.2503328020357367      -0.94908950672433035       0.94908950672433068     
   1.2713467987086062      -0.95549901994838438       0.95549901994838438     
   1.2923607953814757      -0.96148661174418049       0.96148661174418060     
   1.3133747920543453      -0.96704963815999445       0.96704963815999423     
   1.3343887887272148      -0.97218564272020203       0.97218564272020158     
   1.3554027854000852      -0.97689235750999104       0.97689235750999148     
   1.3764167820729547      -0.98116770417681121       0.98116770417681176     
   1.3974307787458242      -0.98500979484811135       0.98500979484811169     
   1.4184447754186937      -0.98841693296497302       0.98841693296497335     
   1.4394587720915633      -0.99138761403126408       0.99138761403126385     
   1.4604727687644328      -0.99392052627797844       0.99392052627797844     
   1.4814867654373023      -0.99601455124248051       0.99601455124248084     
   1.5025007621101718      -0.99766876426238471       0.99766876426238471     
   1.5235147587830413      -0.99888243488385875       0.99888243488385886     
   1.5445287554559108      -0.99965502718417421       0.99965502718417432     
   1.5655427521287804      -0.99998620000835392       0.99998620000835381     
   1.5865567488016499      -0.99987580711981505       0.99987580711981483     
   1.6075707454745194      -0.99932389726494475       0.99932389726494475     
   1.6285847421473889      -0.99833071415157515       0.99833071415157515     
   1.6495987388202584      -0.99689669634136657       0.99689669634136724     
   1.6706127354931279      -0.99502247705615576       0.99502247705615621     
   1.6916267321659975      -0.99270888389833756       0.99270888389833722     
   1.7126407288388670      -0.98995693848542077       0.98995693848542043     
   1.7336547255117365      -0.98676785599891326       0.98676785599891281     
   1.7546687221846060      -0.98314304464772917       0.98314304464772873     
   1.7756827188574755      -0.97908410504636478       0.97908410504636456     
   1.7966967155303450      -0.97459282950811144       0.97459282950811188     
   1.8177107122032146      -0.96967120125362283       0.96967120125362349     
   1.8387247088760841      -0.96432139353517798       0.96432139353517787     
   1.8597387055489536      -0.95854576867703356       0.95854576867703345     
   1.8807527022218231      -0.95234687703229115       0.95234687703229171     
   1.9017666988946926      -0.94572745585673412       0.94572745585673434     
   1.9227806955675621      -0.93869042810012604       0.93869042810012671     
   1.9437946922404317      -0.93123890111552754       0.93123890111552721     
   1.9648086889133012      -0.92337616528716682       0.92337616528716704     
   1.9858226855861707      -0.91510569257750962       0.91510569257750918     
   2.0068366822590402      -0.90643113499412853       0.90643113499412775     
   2.0278506789319097      -0.89735632297708467       0.89735632297708467     
   2.0488646756047793      -0.88788526370751497       0.88788526370751508     
   2.0698786722776488      -0.87802213933816886       0.87802213933816919     
   2.0908926689505183      -0.86777130514669221       0.86777130514669176     
   2.1119066656233878      -0.85713728761245367       0.85713728761245356     
   2.1329206622962573      -0.84612478241778688       0.84612478241778688     
   2.1539346589691268      -0.83473865237450395       0.83473865237450340     
   2.1749486556419964      -0.82298392527661446       0.82298392527661413     
   2.1959626523148659      -0.81086579168019779       0.81086579168019801     
   2.2169766489877354      -0.79838960261139680       0.79838960261139691     
   2.2379906456606049      -0.78556086720355500       0.78556086720355534     
   2.2590046423334744      -0.77238525026454052       0.77238525026454097     
   2.2800186390063439      -0.75886856977532657       0.75886856977532624     
   2.3010326356792135      -0.74501679432093160       0.74501679432093160     
   2.3220466323520830      -0.73083604045486616       0.73083604045486594     
   2.3430606290249525      -0.71633256999823014       0.71633256999823025     
   2.3640746256978220      -0.70151278727467381       0.70151278727467359     
   2.3850886223706915      -0.68638323628242359       0.68638323628242315     
   2.4061026190435610      -0.67095059780464128       0.67095059780464084     
   2.4271166157164306      -0.65522168645937739       0.65522168645937739     
   2.4481306123893001      -0.63920344769042736       0.63920344769042792     
   2.4691446090621696      -0.62290295470042079       0.62290295470042067     
   2.4901586057350391      -0.60632740532749119       0.60632740532749119     
   2.5111726024079086      -0.58948411886691754       0.58948411886691809     
   2.5321865990807781      -0.57238053283912893       0.57238053283912915     
   2.5532005957536477      -0.55502419970550410       0.55502419970550332     
   2.5742145924265172      -0.53742278353341466       0.53742278353341488     
   2.5952285890993867      -0.51958405661199758       0.51958405661199769     
   2.6162425857722562      -0.50151589602012359       0.50151589602012314     
   2.6372565824451257      -0.48322628014810132       0.48322628014810187     
   2.6582705791179952      -0.46472328517465256       0.46472328517465233     
   2.6792845757908648      -0.44601508150068947       0.44601508150068958     
   2.7002985724637343      -0.42710993014150489       0.42710993014150500     
   2.7213125691366038      -0.40801617907893351       0.40801617907893378     
   2.7423265658094733      -0.38874225957512365       0.38874225957512420     
   2.7633405624823428      -0.36929668244952751       0.36929668244952779     
   2.7843545591552123      -0.34968803432076145       0.34968803432076162     
   2.8053685558280819      -0.32992497381500263       0.32992497381500319     
   2.8263825525009514      -0.31001622774257831       0.31001622774257842     
   2.8473965491738209      -0.28997058724445390       0.28997058724445418     
   2.8684105458466904      -0.26979690391031563       0.26979690391031591     
   2.8894245425195599      -0.24950408586995565       0.24950408586995554     
   2.9104385391924295      -0.22910109385969168       0.22910109385969202     
   2.9314525358652990      -0.20859693726556339       0.20859693726556300     
   2.9524665325381685      -0.18800067014503591       0.18800067014503541     
   2.9734805292110380      -0.16732138722898598       0.16732138722898640     
   2.9944945258839075      -0.14656821990572849       0.14656821990572788     
   3.0155085225567770      -0.12575033218884291       0.12575033218884299     
   3.0365225192296466      -0.10487691667061949       0.10487691667061987     
   3.0575365159025161       -8.3957190462850911E-002   8.3957190462851328E-002
   3.0785505125753856       -6.3000391126829453E-002   6.3000391126829258E-002
   3.0995645092482551       -4.2015772594290499E-002   4.2015772594290644E-002
   3.1205785059211246       -2.1012601081156886E-002   2.1012601081157042E-002
   3.1415925025939950       -1.5140459014981315E-007   1.5140459021895830E-007
  -3.1415925025939941       -1.5140459014981315E-007   1.5140459021895830E-007
  -3.1205785059211246       -2.1012601081156886E-002   2.1012601081157042E-002
  -3.0995645092482551       -4.2015772594290499E-002   4.2015772594290644E-002
  -3.0785505125753856       -6.3000391126829453E-002   6.3000391126829258E-002
  -3.0575365159025161       -8.3957190462850911E-002   8.3957190462851328E-002
  -3.0365225192296466      -0.10487691667061949       0.10487691667061987     
  -3.0155085225567770      -0.12575033218884291       0.12575033218884299     
  -2.9944945258839075      -0.14656821990572849       0.14656821990572788     
  -2.9734805292110380      -0.16732138722898598       0.16732138722898640     
  -2.9524665325381685      -0.18800067014503591       0.18800067014503541     
  -2.9314525358652990      -0.20859693726556339       0.20859693726556300     
  -2.9104385391924295      -0.22910109385969168       0.22910109385969202     
  -2.8894245425195599      -0.24950408586995565       0.24950408586995554     
  -2.8684105458466904      -0.26979690391031563       0.26979690391031591     
  -2.8473965491738209      -0.28997058724445390       0.28997058724445418     
  -2.8263825525009514      -0.31001622774257831       0.31001622774257842     
  -2.8053685558280819      -0.32992497381500263       0.32992497381500319     
  -2.7843545591552123      -0.34968803432076145       0.34968803432076162     
  -2.7633405624823428      -0.36929668244952751       0.36929668244952779     
  -2.7423265658094733      -0.38874225957512365       0.38874225957512420     
  -2.7213125691366038      -0.40801617907893351       0.40801617907893378     
  -2.7002985724637343      -0.42710993014150489       0.42710993014150500     
  -2.6792845757908648      -0.44601508150068947       0.44601508150068958     
  -2.6582705791179952      -0.46472328517465256       0.46472328517465233     
  -2.6372565824451257      -0.48322628014810132       0.48322628014810187     
  -2.6162425857722562      -0.50151589602012359       0.50151589602012314     
  -2.5952285890993867      -0.51958405661199758       0.51958405661199769     
  -2.5742145924265167      -0.53742278353341510       0.53742278353341533     
  -2.5532005957536472      -0.55502419970550410       0.55502419970550376     
  -2.5321865990807777      -0.57238053283912893       0.57238053283912971     
  -2.5111726024079082      -0.58948411886691843       0.58948411886691843     
  -2.4901586057350387      -0.60632740532749163       0.60632740532749152     
  -2.4691446090621691      -0.62290295470042123       0.62290295470042079     
  -2.4481306123892996      -0.63920344769042825       0.63920344769042803     
  -2.4271166157164301      -0.65522168645937806       0.65522168645937773     
  -2.4061026190435606      -0.67095059780464150       0.67095059780464128     
  -2.3850886223706911      -0.68638323628242337       0.68638323628242359     
  -2.3640746256978216      -0.70151278727467403       0.70151278727467392     
  -2.3430606290249520      -0.71633256999823081       0.71633256999823081     
  -2.3220466323520825      -0.73083604045486616       0.73083604045486639     
  -2.3010326356792130      -0.74501679432093204       0.74501679432093193     
  -2.2800186390063435      -0.75886856977532657       0.75886856977532668     
  -2.2590046423334740      -0.77238525026454141       0.77238525026454130     
  -2.2379906456606045      -0.78556086720355500       0.78556086720355556     
  -2.2169766489877349      -0.79838960261139746       0.79838960261139713     
  -2.1959626523148654      -0.81086579168019846       0.81086579168019823     
  -2.1749486556419959      -0.82298392527661446       0.82298392527661446     
  -2.1539346589691264      -0.83473865237450307       0.83473865237450351     
  -2.1329206622962569      -0.84612478241778755       0.84612478241778710     
  -2.1119066656233874      -0.85713728761245411       0.85713728761245389     
  -2.0908926689505178      -0.86777130514669198       0.86777130514669187     
  -2.0698786722776483      -0.87802213933816953       0.87802213933816942     
  -2.0488646756047788      -0.88788526370751475       0.88788526370751530     
  -2.0278506789319093      -0.89735632297708490       0.89735632297708479     
  -2.0068366822590393      -0.90643113499412853       0.90643113499412808     
  -1.9858226855861700      -0.91510569257750962       0.91510569257750951     
  -1.9648086889133005      -0.92337616528716726       0.92337616528716737     
  -1.9437946922404310      -0.93123890111552732       0.93123890111552754     
  -1.9227806955675615      -0.93869042810012715       0.93869042810012693     
  -1.9017666988946920      -0.94572745585673479       0.94572745585673446     
  -1.8807527022218224      -0.95234687703229204       0.95234687703229204     
  -1.8597387055489529      -0.95854576867703378       0.95854576867703367     
  -1.8387247088760834      -0.96432139353517776       0.96432139353517810     
  -1.8177107122032139      -0.96967120125362394       0.96967120125362360     
  -1.7966967155303444      -0.97459282950811188       0.97459282950811199     
  -1.7756827188574749      -0.97908410504636456       0.97908410504636456     
  -1.7546687221846053      -0.98314304464772873       0.98314304464772895     
  -1.7336547255117358      -0.98676785599891348       0.98676785599891292     
  -1.7126407288388663      -0.98995693848542055       0.98995693848542055     
  -1.6916267321659968      -0.99270888389833756       0.99270888389833734     
  -1.6706127354931273      -0.99502247705615643       0.99502247705615632     
  -1.6495987388202578      -0.99689669634136679       0.99689669634136735     
  -1.6285847421473882      -0.99833071415157515       0.99833071415157515     
  -1.6075707454745187      -0.99932389726494475       0.99932389726494486     
  -1.5865567488016492      -0.99987580711981527       0.99987580711981483     
  -1.5655427521287795      -0.99998620000835392       0.99998620000835381     
  -1.5445287554559100      -0.99965502718417421       0.99965502718417443     
  -1.5235147587830404      -0.99888243488385853       0.99888243488385875     
  -1.5025007621101709      -0.99766876426238449       0.99766876426238471     
  -1.4814867654373014      -0.99601455124248051       0.99601455124248073     
  -1.4604727687644319      -0.99392052627797844       0.99392052627797833     
  -1.4394587720915624      -0.99138761403126430       0.99138761403126374     
  -1.4184447754186928      -0.98841693296497279       0.98841693296497335     
  -1.3974307787458233      -0.98500979484811158       0.98500979484811146     
  -1.3764167820729538      -0.98116770417681143       0.98116770417681154     
  -1.3554027854000843      -0.97689235750999126       0.97689235750999126     
  -1.3343887887272148      -0.97218564272020203       0.97218564272020158     
  -1.3133747920543453      -0.96704963815999445       0.96704963815999423     
  -1.2923607953814757      -0.96148661174418049       0.96148661174418060     
  -1.2713467987086062      -0.95549901994838438       0.95549901994838438     
  -1.2503328020357367      -0.94908950672433035       0.94908950672433068     
  -1.2293188053628672      -0.94226090233235249       0.94226090233235216     
  -1.2083048086899977      -0.93501622209162560       0.93501622209162538     
  -1.1872908120171282      -0.92735866504869113       0.92735866504869113     
  -1.1662768153442586      -0.91929161256484493       0.91929161256484515     
  -1.1452628186713891      -0.91081862682302517       0.91081862682302561     
  -1.1242488219985196      -0.90194344925485170       0.90194344925485193     
  -1.1032348253256501      -0.89266999888851517       0.89266999888851506     
  -1.0822208286527806      -0.88300237061824505       0.88300237061824483     
  -1.0612068319799111      -0.87294483339612094       0.87294483339612028     
  -1.0401928353070415      -0.86250182834702049       0.86250182834702049     
  -1.0191788386341720      -0.85167796680755004       0.85167796680754948     
 -0.99816484196130251      -0.84047802828979923       0.84047802828979923     
 -0.97715084528843299      -0.82890695837085304       0.82890695837085304     
 -0.95613684861556347      -0.81696986650895642       0.81696986650895675     
 -0.93512285194269396      -0.80467202378732683       0.80467202378732716     
 -0.91410885526982444      -0.79201886058659010       0.79201886058658966     
 -0.89309485859695448      -0.77901596418687591       0.77901596418687535     
 -0.87208086192408496      -0.76566907630063685       0.76566907630063663     
 -0.85106686525121544      -0.75198409053726700       0.75198409053726667     
 -0.83005286857834593      -0.73796704980065053       0.73796704980065020     
 -0.80903887190547641      -0.72362414362078509       0.72362414362078520     
 -0.78802487523260689      -0.70896170542066250       0.70896170542066306     
 -0.76701087855973737      -0.69398620971960567       0.69398620971960578     
 -0.74599688188686786      -0.67870426927430194       0.67870426927430194     
 -0.72498288521399834      -0.66312263215879952       0.66312263215879963     
 -0.70396888854112882      -0.64724817878474572       0.64724817878474628     
 -0.68295489186825931      -0.63108791886319437       0.63108791886319437     
 -0.66194089519538979      -0.61464898830930914       0.61464898830930925     
 -0.64092689852252027      -0.59793864609135094       0.59793864609135106     
 -0.61991290184965075      -0.58096427102531845       0.58096427102531834     
 -0.59889890517678124      -0.56373335851667217       0.56373335851667217     
 -0.57788490850391172      -0.54625351725057469       0.54625351725057458     
 -0.55687091183104220      -0.52853246583210911       0.52853246583210933     
 -0.53585691515817269      -0.51057802937796226       0.51057802937796215     
 -0.51484291848530317      -0.49239813606107175       0.49239813606107180     
 -0.49382892181243365      -0.47400081360977053       0.47400081360977026     
 -0.47281492513956414      -0.45539418576296531       0.45539418576296509     
 -0.45180092846669462      -0.43658646868292639       0.43658646868292639     
 -0.43078693179382510      -0.41758596732725928       0.41758596732725906     
 -0.40977293512095558      -0.39840107178166895       0.39840107178166895     
 -0.38875893844808607      -0.37904025355513848       0.37904025355513865     
 -0.36774494177521655      -0.35951206183914541       0.35951206183914541     
 -0.34673094510234703      -0.33982511973258134       0.33982511973258150     
 -0.32571694842947752      -0.31998812043403535       0.31998812043403491     
 -0.30470295175660800      -0.30000982340312010       0.30000982340311994     
 -0.28368895508373848      -0.27989905049254549       0.27989905049254571     
 -0.26267495841086896      -0.25966468205263460       0.25966468205263432     
 -0.24166096173799945      -0.23931565301000901       0.23931565301000876     
 -0.22064696506512993      -0.21886094892218189       0.21886094892218216     
 -0.19963296839226041      -0.19830960200978959       0.19830960200978962     
 -0.17861897171939090      -0.17767068716820855       0.17767068716820869     
 -0.15760497504652138      -0.15695331796035011       0.15695331796034995     
 -0.13659097837365186      -0.13616664259235756       0.13616664259235800     
 -0.11557698170078234      -0.11531983987402417       0.11531983987402447     
  -9.4562985027912827E-002  -9.4422115165682718E-002   9.4422115165683482E-002
  -7.3548988355043310E-002  -7.3482696313385387E-002   7.3482696313385581E-002
  -5.2534991682173793E-002  -5.2510829574136872E-002   5.2510829574136796E-002
  -3.1520995009304276E-002  -3.1515775533010687E-002   3.1515775533010812E-002
  -1.0506998336434759E-002  -1.0506805013959421E-002   1.0506805013959781E-002
   1.0506998336435203E-002  -1.0506805013959421E-002   1.0506805013959781E-002
   3.1520995009304720E-002  -3.1515775533012880E-002   3.1515775533013317E-002
   5.2534991682174237E-002  -5.2510829574136872E-002   5.2510829574136796E-002
   7.3548988355043754E-002  -7.3482696313385387E-002   7.3482696313385581E-002
   9.4562985027913271E-002  -9.4422115165685161E-002   9.4422115165685092E-002
  0.11557698170078279      -0.11531983987402639       0.11531983987402651     
  0.13659097837365231      -0.13616664259235822       0.13616664259235853     
  0.15760497504652182      -0.15695331796035034       0.15695331796035042     
  0.17861897171939134      -0.17767068716820855       0.17767068716820869     
  0.19963296839226086      -0.19830960200978998       0.19830960200978984     
  0.22064696506513037      -0.21886094892218316       0.21886094892218302     
  0.24166096173799989      -0.23931565301000912       0.23931565301000926     
  0.26267495841086941      -0.25966468205263482       0.25966468205263454     
  0.28368895508373893      -0.27989905049254638       0.27989905049254626     
  0.30470295175660844      -0.30000982340312032       0.30000982340312043     
  0.32571694842947796      -0.31998812043403502       0.31998812043403507     
  0.34673094510234748      -0.33982511973258223       0.33982511973258189     
  0.36774494177521699      -0.35951206183914630       0.35951206183914569     
  0.38875893844808651      -0.37904025355513926       0.37904025355513898     
  0.40977293512095603      -0.39840107178166928       0.39840107178166950     
  0.43078693179382554      -0.41758596732725950       0.41758596732725928     
  0.45180092846669506      -0.43658646868292716       0.43658646868292705     
  0.47281492513956458      -0.45539418576296486       0.45539418576296564     
  0.49382892181243410      -0.47400081360977042       0.47400081360977070     
  0.51484291848530361      -0.49239813606107186       0.49239813606107208     
  0.53585691515817313      -0.51057802937796293       0.51057802937796271     
  0.55687091183104265      -0.52853246583210889       0.52853246583210944     
  0.57788490850391216      -0.54625351725057536       0.54625351725057469     
  0.59889890517678168      -0.56373335851667239       0.56373335851667250     
  0.61991290184965120      -0.58096427102531889       0.58096427102531878     
  0.64092689852252072      -0.59793864609135117       0.59793864609135128     
  0.66194089519539023      -0.61464898830930959       0.61464898830930947     
  0.68295489186825975      -0.63108791886319482       0.63108791886319482     
  0.70396888854112927      -0.64724817878474616       0.64724817878474650     
  0.72498288521399878      -0.66312263215879974       0.66312263215879974     
  0.74599688188686830      -0.67870426927430261       0.67870426927430227     
  0.76701087855973782      -0.69398620971960545       0.69398620971960612     
  0.78802487523260734      -0.70896170542066295       0.70896170542066339     
  0.80903887190547685      -0.72362414362078509       0.72362414362078542     
  0.83005286857834637      -0.73796704980065053       0.73796704980065042     
  0.85106686525121589      -0.75198409053726700       0.75198409053726711     
  0.87208086192408540      -0.76566907630063730       0.76566907630063685     
  0.89309485859695492      -0.77901596418687569       0.77901596418687569     
  0.91410885526982444      -0.79201886058659010       0.79201886058658966     
  0.93512285194269396      -0.80467202378732683       0.80467202378732716     
  0.95613684861556347      -0.81696986650895642       0.81696986650895675     
  0.97715084528843299      -0.82890695837085304       0.82890695837085304     
  0.99816484196130251      -0.84047802828979923       0.84047802828979923     
   1.0191788386341720      -0.85167796680755004       0.85167796680754948     
   1.0401928353070415      -0.86250182834702049       0.86250182834702049     
   1.0612068319799111      -0.87294483339612094       0.87294483339612028     
   1.0822208286527806      -0.88300237061824505       0.88300237061824483     
   1.1032348253256501      -0.89266999888851517       0.89266999888851506     
   1.1242488219985196      -0.90194344925485170       0.90194344925485193     
   1.1452628186713891      -0.91081862682302517       0.91081862682302561     
   1.1662768153442586      -0.91929161256484493       0.91929161256484515     
   1.1872908120171282      -0.92735866504869113       0.92735866504869113     
   1.2083048086899977      -0.93501622209162560       0.93501622209162538     
   1.2293188053628672      -0.94226090233235249       0.94226090233235216     
   1.2503328020357367      -0.94908950672433035       0.94908950672433068     
   1.2713467987086062      -0.95549901994838438       0.95549901994838438     
   1.2923607953814757      -0.96148661174418049       0.96148661174418060     
   1.3133747920543453      -0.96704963815999445       0.96704963815999423     
   1.3343887887272148      -0.97218564272020203       0.97218564272020158     
   1.3554027854000852      -0.97689235750999104       0.97689235750999148     
   1.3764167820729547      -0.98116770417681121       0.98116770417681176     
   1.3974307787458242      -0.98500979484811135       0.98500979484811169     
   1.4184447754186937      -0.98841693296497302       0.98841693296497335     
   1.4394587720915633      -0.99138761403126408       0.99138761403126385     
   1.4604727687644328      -0.99392052627797844       0.99392052627797844     
   1.4814867654373023      -0.99601455124248051       0.99601455124248084     
   1.5025007621101718      -0.99766876426238471       0.99766876426238471     
   1.5235147587830413      -0.99888243488385875       0.99888243488385886     
   1.5445287554559108      -0.99965502718417421       0.99965502718417432     
   1.5655427521287804      -0.99998620000835392       0.99998620000835381     
   1.5865567488016499      -0.99987580711981505       0.99987580711981483     
   1.6075707454745194      -0.99932389726494475       0.99932389726494475     
   1.6285847421473889      -0.99833071415157515       0.99833071415157515     
   1.6495987388202584      -0.99689669634136657       0.99689669634136724     
   1.6706127354931279      -0.99502247705615576       0.99502247705615621     
   1.6916267321659975      -0.99270888389833756       0.99270888389833722     
   1.7126407288388670      -0.98995693848542077       0.98995693848542043     
   1.7336547255117365      -0.98676785599891326       0.98676785599891281     
   1.7546687221846060      -0.98314304464772917       0.98314304464772873     
   1.7756827188574755      -0.97908410504636478       0.97908410504636456     
   1.7966967155303450      -0.97459282950811144       0.97459282950811188     
   1.8177107122032146      -0.96967120125362283       0.96967120125362349     
   1.8387247088760841      -0.96432139353517798       0.96432139353517787     
   1.8597387055489536      -0.95854576867703356       0.95854576867703345     
   1.8807527022218231      -0.95234687703229115       0.95234687703229171     
   1.9017666988946926      -0.94572745585673412       0.94572745585673434     
   1.9227806955675621      -0.93869042810012604       0.93869042810012671     
   1.9437946922404317      -0.93123890111552754       0.93123890111552721     
   1.9648086889133012      -0.92337616528716682       0.92337616528716704     
   1.9858226855861707      -0.91510569257750962       0.91510569257750918     
   2.0068366822590402      -0.90643113499412853       0.90643113499412775     
   2.0278506789319097      -0.89735632297708467       0.89735632297708467     
   2.0488646756047793      -0.88788526370751497       0.88788526370751508     
   2.0698786722776488      -0.87802213933816886       0.87802213933816919     
   2.0908926689505183      -0.86777130514669221       0.86777130514669176     
   2.1119066656233878      -0.85713728761245367       0.85713728761245356     
   2.1329206622962573      -0.84612478241778688       0.84612478241778688     
   2.1539346589691268      -0.83473865237450395       0.83473865237450340     
   2.1749486556419964      -0.82298392527661446       0.82298392527661413     
   2.1959626523148659      -0.81086579168019779       0.81086579168019801     
   2.2169766489877354      -0.79838960261139680       0.79838960261139691     
   2.2379906456606049      -0.78556086720355500       0.78556086720355534     
   2.2590046423334744      -0.77238525026454052       0.77238525026454097     
   2.2800186390063439      -0.75886856977532657       0.75886856977532624     
   2.3010326356792135      -0.74501679432093160       0.74501679432093160     
   2.3220466323520830      -0.73083604045486616       0.73083604045486594     
   2.3430606290249525      -0.71633256999823014       0.71633256999823025     
   2.3640746256978220      -0.70151278727467381       0.70151278727467359     
   2.3850886223706915      -0.68638323628242359       0.68638323628242315     
   2.4061026190435610      -0.67095059780464128       0.67095059780464084     
   2.4271166157164306      -0.65522168645937739       0.65522168645937739     
   2.4481306123893001      -0.63920344769042736       0.63920344769042792     
   2.4691446090621696      -0.62290295470042079       0.62290295470042067     
   2.4901586057350391      -0.60632740532749119       0.60632740532749119     
   2.5111726024079086      -0.58948411886691754       0.58948411886691809     
   2.5321865990807781      -0.57238053283912893       0.57238053283912915     
   2.5532005957536477      -0.55502419970550410       0.55502419970550332     
   2.5742145924265172      -0.53742278353341466       0.53742278353341488     
   2.5952285890993867      -0.51958405661199758       0.51958405661199769     
   2.6162425857722562      -0.50151589602012359       0.50151589602012314     
   2.6372565824451257      -0.48322628014810132       0.48322628014810187     
   2.6582705791179952      -0.46472328517465256       0.46472328517465233     
   2.6792845757908648      -0.44601508150068947       0.44601508150068958     
   2.7002985724637343      -0.42710993014150489       0.42710993014150500     
   2.7213125691366038      -0.40801617907893351       0.40801617907893378     
   2.7423265658094733      -0.38874225957512365       0.38874225957512420     
   2.7633405624823428      -0.36929668244952751       0.36929668244952779     
   2.7843545591552123      -0.34968803432076145       0.34968803432076162     
   2.8053685558280819      -0.32992497381500263       0.32992497381500319     
   2.8263825525009514      -0.31001622774257831       0.31001622774257842     
   2.8473965491738209      -0.28997058724445390       0.28997058724445418     
   2.8684105458466904      -0.26979690391031563       0.26979690391031591     
   2.8894245425195599      -0.24950408586995565       0.24950408586995554     
   2.9104385391924295      -0.22910109385969168       0.22910109385969202     
   2.9314525358652990      -0.20859693726556339       0.20859693726556300     
   2.9524665325381685      -0.18800067014503591       0.18800067014503541     
   2.9734805292110380      -0.16732138722898598       0.16732138722898640     
   2.9944945258839075      -0.14656821990572849       0.14656821990572788     
   3.0155085225567770      -0.12575033218884291       0.12575033218884299     
   3.0365225192296466      -0.10487691667061949       0.10487691667061987     
   3.0575365159025161       -8.3957190462850911E-002   8.3957190462851328E-002
   3.0785505125753856       -6.3000391126829453E-002   6.3000391126829258E-002
   3.0995645092482551       -4.2015772594290499E-002   4.2015772594290644E-002
   3.1205785059211246       -2.1012601081156886E-002   2.1012601081157042E-002
   3.1415925025939950       -1.5140459014981315E-007   1.5140459021895830E-007
  -3.1415925025939941       -1.5140459014981315E-007   1.5140459021895830E-007
  -3.1205785059211246       -2.1012601081156886E-002   2.1012601081157042E-002
  -3.0995645092482551       -4.2015772594290499E-002   4.2015772594290644E-002
  -3.0785505125753856       -6.3000391126829453E-002   6.3000391126829258E-002
  -3.0575365159025161       -8.3957190462850911E-002   8.3957190462851328E-002
  -3.0365225192296466      -0.10487691667061949       0.10487691667061987     
  -3.0155085225567770      -0.12575033218884291       0.12575033218884299     
  -2.9944945258839075      -0.14656821990572849       0.14656821990572788     
  -2.9734805292110380      -0.16732138722898598       0.16732138722898640     
  -2.9524665325381685      -0.18800067014503591       0.18800067014503541     
  -2.9314525358652990      -0.20859693726556339       0.20859693726556300     
  -2.9104385391924295      -0.22910109385969168       0.22910109385969202     
  -2.8894245425195599      -0.24950408586995565       0.24950408586995554     
  -2.8684105458466904      -0.26979690391031563       0.26979690391031591     
  -2.8473965491738209      -0.28997058724445390       0.28997058724445418     
  -2.8263825525009514      -0.31001622774257831       0.31001622774257842     
  -2.8053685558280819      -0.32992497381500263       0.32992497381500319     
  -2.7843545591552123      -0.34968803432076145       0.34968803432076162     
  -2.7633405624823428      -0.36929668244952751       0.36929668244952779     
  -2.7423265658094733      -0.38874225957512365       0.38874225957512420     
  -2.7213125691366038      -0.40801617907893351       0.40801617907893378     
  -2.7002985724637343      -0.42710993014150489       0.42710993014150500     
  -2.6792845757908648      -0.44601508150068947       0.44601508150068958     
  -2.6582705791179952      -0.46472328517465256       0.46472328517465233     
  -2.6372565824451257      -0.48322628014810132       0.48322628014810187     
  -2.6162425857722562      -0.50151589602012359       0.50151589602012314     
  -2.5952285890993867      -0.51958405661199758       0.51958405661199769     
  -2.5742145924265167      -0.53742278353341510       0.53742278353341533     
  -2.5532005957536472      -0.55502419970550410       0.55502419970550376     
  -2.5321865990807777      -0.57238053283912893       0.57238053283912971     
  -2.5111726024079082      -0.58948411886691843       0.58948411886691843     
  -2.4901586057350387      -0.60632740532749163       0.60632740532749152     
  -2.4691446090621691      -0.62290295470042123       0.62290295470042079     
  -2.4481306123892996      -0.63920344769042825       0.63920344769042803     
  -2.4271166157164301      -0.65522168645937806       0.65522168645937773     
  -2.4061026190435606      -0.67095059780464150       0.67095059780464128     
  -2.3850886223706911      -0.68638323628242337       0.68638323628242359     
  -2.3640746256978216      -0.70151278727467403       0.70151278727467392     
  -2.3430606290249520      -0.71633256999823081       0.71633256999823081     
  -2.3220466323520825      -0.73083604045486616       0.73083604045486639     
  -2.3010326356792130      -0.74501679432093204       0.74501679432093193     
  -2.2800186390063435      -0.75886856977532657       0.75886856977532668     
  -2.2590046423334740      -0.77238525026454141       0.77238525026454130     
  -2.2379906456606045      -0.78556086720355500       0.78556086720355556     
  -2.2169766489877349      -0.79838960261139746       0.79838960261139713     
  -2.1959626523148654      -0.81086579168019846       0.81086579168019823     
  -2.1749486556419959      -0.82298392527661446       0.82298392527661446     
  -2.1539346589691264      -0.83473865237450307       0.83473865237450351     
  -2.1329206622962569      -0.84612478241778755       0.84612478241778710     
  -2.1119066656233874      -0.85713728761245411       0.85713728761245389     
  -2.0908926689505178      -0.86777130514669198       0.86777130514669187     
  -2.0698786722776483      -0.87802213933816953       0.87802213933816942     
  -2.0488646756047788      -0.88788526370751475       0.88788526370751530     
  -2.0278506789319093      -0.89735632297708490       0.89735632297708479     
  -2.0068366822590393      -0.90643113499412853       0.90643113499412808     
  -1.9858226855861700      -0.91510569257750962       0.91510569257750951     
  -1.9648086889133005      -0.92337616528716726       0.92337616528716737     
  -1.9437946922404310      -0.93123890111552732       0.93123890111552754     
  -1.9227806955675615      -0.93869042810012715       0.93869042810012693     
  -1.9017666988946920      -0.94572745585673479       0.94572745585673446     
  -1.8807527022218224      -0.95234687703229204       0.95234687703229204     
  -1.8597387055489529      -0.95854576867703378       0.95854576867703367     
  -1.8387247088760834      -0.96432139353517776       0.96432139353517810     
  -1.8177107122032139      -0.96967120125362394       0.96967120125362360     
  -1.7966967155303444      -0.97459282950811188       0.97459282950811199     
  -1.7756827188574749      -0.97908410504636456       0.97908410504636456     
  -1.7546687221846053      -0.98314304464772873       0.98314304464772895     
  -1.7336547255117358      -0.98676785599891348       0.98676785599891292     
  -1.7126407288388663      -0.98995693848542055       0.98995693848542055     
  -1.6916267321659968      -0.99270888389833756       0.99270888389833734     
  -1.6706127354931273      -0.99502247705615643       0.99502247705615632     
  -1.6495987388202578      -0.99689669634136679       0.99689669634136735     
  -1.6285847421473882      -0.99833071415157515       0.99833071415157515     
  -1.6075707454745187      -0.99932389726494475       0.99932389726494486     
  -1.5865567488016492      -0.99987580711981527       0.99987580711981483     
  -1.5655427521287795      -0.99998620000835392       0.99998620000835381     
  -1.5445287554559100      -0.99965502718417421       0.99965502718417443     
  -1.5235147587830404      -0.99888243488385853       0.99888243488385875     
  -1.5025007621101709      -0.99766876426238449       0.99766876426238471     
  -1.4814867654373014      -0.99601455124248051       0.99601455124248073     
  -1.4604727687644319      -0.99392052627797844       0.99392052627797833     
  -1.4394587720915624      -0.99138761403126430       0.99138761403126374     
  -1.4184447754186928      -0.98841693296497279       0.98841693296497335     
  -1.3974307787458233      -0.98500979484811158       0.98500979484811146     
  -1.3764167820729538      -0.98116770417681143       0.98116770417681154     
  -1.3554027854000843      -0.97689235750999126       0.97689235750999126     
  -1.3343887887272148      -0.97218564272020203       0.97218564272020158     
  -1.3133747920543453      -0.96704963815999445       0.96704963815999423     
  -1.2923607953814757      -0.96148661174418049       0.96148661174418060     
  -1.2713467987086062      -0.95549901994838438       0.95549901994838438     
  -1.2503328020357367      -0.94908950672433035       0.94908950672433068     
  -1.2293188053628672      -0.94226090233235249       0.94226090233235216     
  -1.2083048086899977      -0.93501622209162560       0.93501622209162538     
  -1.1872908120171282      -0.92735866504869113       0.92735866504869113     
  -1.1662768153442586      -0.91929161256484493       0.91929161256484515     
  -1.1452628186713891      -0.91081862682302517       0.91081862682302561     
  -1.1242488219985196      -0.90194344925485170       0.90194344925485193     
  -1.1032348253256501      -0.89266999888851517       0.89266999888851506     
  -1.0822208286527806      -0.88300237061824505       0.88300237061824483     
  -1.0612068319799111      -0.87294483339612094       0.87294483339612028     
  -1.0401928353070415      -0.86250182834702049       0.86250182834702049     
  -1.0191788386341720      -0.85167796680755004       0.85167796680754948     
 -0.99816484196130251      -0.84047802828979923       0.84047802828979923     
 -0.97715084528843299      -0.82890695837085304       0.82890695837085304     
 -0.95613684861556347      -0.81696986650895642       0.81696986650895675     
 -0.93512285194269396      -0.80467202378732683       0.80467202378732716     
 -0.91410885526982444      -0.79201886058659010       0.79201886058658966     
 -0.89309485859695448      -0.77901596418687591       0.77901596418687535     
 -0.87208086192408496      -0.76566907630063685       0.76566907630063663     
 -0.85106686525121544      -0.75198409053726700       0.75198409053726667     
 -0.83005286857834593      -0.73796704980065053       0.73796704980065020     
 -0.80903887190547641      -0.72362414362078509       0.72362414362078520     
 -0.78802487523260689      -0.70896170542066250       0.70896170542066306     
 -0.76701087855973737      -0.69398620971960567       0.69398620971960578     
 -0.74599688188686786      -0.67870426927430194       0.67870426927430194     
 -0.72498288521399834      -0.66312263215879952       0.66312263215879963     
 -0.70396888854112882      -0.64724817878474572       0.64724817878474628     
 -0.68295489186825931      -0.63108791886319437       0.63108791886319437     
 -0.66194089519538979      -0.61464898830930914       0.61464898830930925     
 -0.64092689852252027      -0.59793864609135094       0.59793864609135106     
 -0.61991290184965075      -0.58096427102531845       0.58096427102531834     
 -0.59889890517678124      -0.56373335851667217       0.56373335851667217     
 -0.57788490850391172      -0.54625351725057469       0.54625351725057458     
 -0.55687091183104220      -0.52853246583210911       0.52853246583210933     
 -0.53585691515817269      -0.51057802937796226       0.51057802937796215     
 -0.51484291848530317      -0.49239813606107175       0.49239813606107180     
 -0.49382892181243365      -0.47400081360977053       0.47400081360977026     
 -0.47281492513956414      -0.45539418576296531       0.45539418576296509     
 -0.45180092846669462      -0.43658646868292639       0.43658646868292639     
 -0.43078693179382510      -0.41758596732725928       0.41758596732725906     
 -0.40977293512095558      -0.39840107178166895       0.39840107178166895     
 -0.38875893844808607      -0.37904025355513848       0.37904025355513865     
 -0.36774494177521655      -0.35951206183914541       0.35951206183914541     
 -0.34673094510234703      -0.33982511973258134       0.33982511973258150     
 -0.32571694842947752      -0.31998812043403535       0.31998812043403491     
 -0.30470295175660800      -0.30000982340312010       0.30000982340311994     
 -0.28368895508373848      -0.27989905049254549       0.27989905049254571     
 -0.26267495841086896      -0.25966468205263460       0.25966468205263432     
 -0.24166096173799945      -0.23931565301000901       0.23931565301000876     
 -0.22064696506512993      -0.21886094892218189       0.21886094892218216     
 -0.19963296839226041      -0.19830960200978959       0.19830960200978962     
 -0.17861897171939090      -0.17767068716820855       0.17767068716820869     
 -0.15760497504652138      -0.15695331796035011       0.15695331796034995     
 -0.13659097837365186      -0.13616664259235756       0.13616664259235800     
 -0.11557698170078234      -0.11531983987402417       0.11531983987402447     
  -9.4562985027912827E-002  -9.4422115165682718E-002   9.4422115165683482E-002
  -7.3548988355043310E-002  -7.3482696313385387E-002   7.3482696313385581E-002
  -5.2534991682173793E-002  -5.2510829574136872E-002   5.2510829574136796E-002
  -3.1520995009304276E-002  -3.1515775533010687E-002   3.1515775533010812E-002
  -1.0506998336434759E-002  -1.0506805013959421E-002   1.0506805013959781E-002
   1.0506998336435203E-002  -1.0506805013959421E-002   1.0506805013959781E-002
   3.1520995009304720E-002  -3.1515775533012880E-002   3.1515775533013317E-002
   5.2534991682174237E-002  -5.2510829574136872E-002   5.2510829574136796E-002
   7.3548988355043754E-002  -7.3482696313385387E-002   7.3482696313385581E-002
   9.4562985027913271E-002  -9.4422115165685161E-002   9.4422115165685092E-002
  0.11557698170078279      -0.11531983987402639       0.11531983987402651     
  0.13659097837365231      -0.13616664259235822       0.13616664259235853     
  0.15760497504652182      -0.15695331796035034       0.15695331796035042     
  0.17861897171939134      -0.17767068716820855       0.17767068716820869     
  0.19963296839226086      -0.19830960200978998       0.19830960200978984     
  0.22064696506513037      -0.21886094892218316       0.21886094892218302     
  0.24166096173799989      -0.23931565301000912       0.23931565301000926     
  0.26267495841086941      -0.25966468205263482       0.25966468205263454     
  0.28368895508373893      -0.27989905049254638       0.27989905049254626     
  0.30470295175660844      -0.30000982340312032       0.30000982340312043     
  0.32571694842947796      -0.31998812043403502       0.31998812043403507     
  0.34673094510234748      -0.33982511973258223       0.33982511973258189     
  0.36774494177521699      -0.35951206183914630       0.35951206183914569     
  0.38875893844808651      -0.37904025355513926       0.37904025355513898     
  0.40977293512095603      -0.39840107178166928       0.39840107178166950     
  0.43078693179382554      -0.41758596732725950       0.41758596732725928     
  0.45180092846669506      -0.43658646868292716       0.43658646868292705     
  0.47281492513956458      -0.45539418576296486       0.45539418576296564     
  0.49382892181243410      -0.47400081360977042       0.47400081360977070     
  0.51484291848530361      -0.49239813606107186       0.49239813606107208     
  0.53585691515817313      -0.51057802937796293       0.51057802937796271     
  0.55687091183104265      -0.52853246583210889       0.52853246583210944     
  0.57788490850391216      -0.54625351725057536       0.54625351725057469     
  0.59889890517678168      -0.56373335851667239       0.56373335851667250     
  0.61991290184965120      -0.58096427102531889       0.58096427102531878     
  0.64092689852252072      -0.59793864609135117       0.59793864609135128     
  0.66194089519539023      -0.61464898830930959       0.61464898830930947     
  0.68295489186825975      -0.63108791886319482       0.63108791886319482     
  0.70396888854112927      -0.64724817878474616       0.64724817878474650     
  0.72498288521399878      -0.66312263215879974       0.66312263215879974     
  0.74599688188686830      -0.67870426927430261       0.67870426927430227     
  0.76701087855973782      -0.69398620971960545       0.69398620971960612     
  0.78802487523260734      -0.70896170542066295       0.70896170542066339     
  0.80903887190547685      -0.72362414362078509       0.72362414362078542     
  0.83005286857834637      -0.73796704980065053       0.73796704980065042     
  0.85106686525121589      -0.75198409053726700       0.75198409053726711     
  0.87208086192408540      -0.76566907630063730       0.76566907630063685     
  0.89309485859695492      -0.77901596418687569       0.77901596418687569     
  0.91410885526982444      -0.79201886058659010       0.79201886058658966     
  0.93512285194269396      -0.80467202378732683       0.80467202378732716     
  0.95613684861556347      -0.81696986650895642       0.81696986650895675     
  0.97715084528843299      -0.82890695837085304       0.82890695837085304     
  0.99816484196130251      -0.84047802828979923       0.84047802828979923     
   1.0191788386341720      -0.85167796680755004       0.85167796680754948     
   1.0401928353070415      -0.86250182834702049       0.86250182834702049     
   1.0612068319799111      -0.87294483339612094       0.87294483339612028     
   1.0822208286527806      -0.88300237061824505       0.88300237061824483     
   1.1032348253256501      -0.89266999888851517       0.89266999888851506     
   1.1242488219985196      -0.90194344925485170       0.90194344925485193     
   1.1452628186713891      -0.91081862682302517       0.91081862682302561     
   1.1662768153442586      -0.91929161256484493       0.91929161256484515     
   1.1872908120171282      -0.92735866504869113       0.92735866504869113     
   1.2083048086899977      -0.93501622209162560       0.93501622209162538     
   1.2293188053628672      -0.94226090233235249       0.94226090233235216     
   1.2503328020357367      -0.94908950672433035       0.94908950672433068     
   1.2713467987086062      -0.95549901994838438       0.95549901994838438     
   1.2923607953814757      -0.96148661174418049       0.96148661174418060     
   1.3133747920543453      -0.96704963815999445       0.96704963815999423     
   1.3343887887272148      -0.97218564272020203       0.97218564272020158     
   1.3554027854000852      -0.97689235750999104       0.97689235750999148     
   1.3764167820729547      -0.98116770417681121       0.98116770417681176     
   1.3974307787458242      -0.98500979484811135       0.98500979484811169     
   1.4184447754186937      -0.98841693296497302       0.98841693296497335     
   1.4394587720915633      -0.99138761403126408       0.99138761403126385     
   1.4604727687644328      -0.99392052627797844       0.99392052627797844     
   1.4814867654373023      -0.99601455124248051       0.99601455124248084     
   1.5025007621101718      -0.99766876426238471       0.99766876426238471     
   1.5235147587830413      -0.99888243488385875       0.99888243488385886     
   1.5445287554559108      -0.99965502718417421       0.99965502718417432     
   1.5655427521287804      -0.99998620000835392       0.99998620000835381     
   1.5865567488016499      -0.99987580711981505       0.99987580711981483     
   1.6075707454745194      -0.99932389726494475       0.99932389726494475     
   1.6285847421473889      -0.99833071415157515       0.99833071415157515     
   1.6495987388202584      -0.99689669634136657       0.99689669634136724     
   1.6706127354931279      -0.99502247705615576       0.99502247705615621     
   1.6916267321659975      -0.99270888389833756       0.99270888389833722     
   1.7126407288388670      -0.98995693848542077       0.98995693848542043     
   1.7336547255117365      -0.98676785599891326       0.98676785599891281     
   1.7546687221846060      -0.98314304464772917       0.98314304464772873     
   1.7756827188574755      -0.97908410504636478       0.97908410504636456     
   1.7966967155303450      -0.97459282950811144       0.97459282950811188     
   1.8177107122032146      -0.96967120125362283       0.96967120125362349     
   1.8387247088760841      -0.96432139353517798       0.96432139353517787     
   1.8597387055489536      -0.95854576867703356       0.95854576867703345     
   1.8807527022218231      -0.95234687703229115       0.95234687703229171     
   1.9017666988946926      -0.94572745585673412       0.94572745585673434     
   1.9227806955675621      -0.93869042810012604       0.93869042810012671     
   1.9437946922404317      -0.93123890111552754       0.93123890111552721     
   1.9648086889133012      -0.92337616528716682       0.92337616528716704     
   1.9858226855861707      -0.91510569257750962       0.91510569257750918     
   2.0068366822590402      -0.90643113499412853       0.90643113499412775     
   2.0278506789319097      -0.89735632297708467       0.89735632297708467     
   2.0488646756047793      -0.88788526370751497       0.88788526370751508     
   2.0698786722776488      -0.87802213933816886       0.87802213933816919     
   2.0908926689505183      -0.86777130514669221       0.86777130514669176     
   2.1119066656233878      -0.85713728761245367       0.85713728761245356     
   2.1329206622962573      -0.84612478241778688       0.84612478241778688     
   2.1539346589691268      -0.83473865237450395       0.83473865237450340     
   2.1749486556419964      -0.82298392527661446       0.82298392527661413     
   2.1959626523148659      -0.81086579168019779       0.81086579168019801     
   2.2169766489877354      -0.79838960261139680       0.79838960261139691     
   2.2379906456606049      -0.78556086720355500       0.78556086720355534     
   2.2590046423334744      -0.77238525026454052       0.77238525026454097     
   2.2800186390063439      -0.75886856977532657       0.75886856977532624     
   2.3010326356792135      -0.74501679432093160       0.74501679432093160     
   2.3220466323520830      -0.73083604045486616       0.73083604045486594     
   2.3430606290249525      -0.71633256999823014       0.71633256999823025     
   2.3640746256978220      -0.70151278727467381       0.70151278727467359     
   2.3850886223706915      -0.68638323628242359       0.68638323628242315     
   2.4061026190435610      -0.67095059780464128       0.67095059780464084     
   2.4271166157164306      -0.65522168645937739       0.65522168645937739     
   2.4481306123893001      -0.63920344769042736       0.63920344769042792     
   2.4691446090621696      -0.62290295470042079       0.62290295470042067     
   2.4901586057350391      -0.60632740532749119       0.60632740532749119     
   2.5111726024079086      -0.58948411886691754       0.58948411886691809     
   2.5321865990807781      -0.57238053283912893       0.57238053283912915     
   2.5532005957536477      -0.55502419970550410       0.55502419970550332     
   2.5742145924265172      -0.53742278353341466       0.53742278353341488     
   2.5952285890993867      -0.51958405661199758       0.51958405661199769     
   2.6162425857722562      -0.50151589602012359       0.50151589602012314     
   2.6372565824451257      -0.48322628014810132       0.48322628014810187     
   2.6582705791179952      -0.46472328517465256       0.46472328517465233     
   2.6792845757908648      -0.44601508150068947       0.44601508150068958     
   2.7002985724637343      -0.42710993014150489       0.42710993014150500     
   2.7213125691366038      -0.40801617907893351       0.40801617907893378     
   2.7423265658094733      -0.38874225957512365       0.38874225957512420     
   2.7633405624823428      -0.36929668244952751       0.36929668244952779     
   2.7843545591552123      -0.34968803432076145       0.34968803432076162     
   2.8053685558280819      -0.32992497381500263       0.32992497381500319     
   2.8263825525009514      -0.31001622774257831       0.31001622774257842     
   2.8473965491738209      -0.28997058724445390       0.28997058724445418     
   2.8684105458466904      -0.26979690391031563       0.26979690391031591     
   2.8894245425195599      -0.24950408586995565       0.24950408586995554     
   2.9104385391924295      -0.22910109385969168       0.22910109385969202     
   2.9314525358652990      -0.20859693726556339       0.20859693726556300     
   2.9524665325381685      -0.18800067014503591       0.18800067014503541     
   2.9734805292110380      -0.16732138722898598       0.16732138722898640     
   2.9944945258839075      -0.14656821990572849       0.14656821990572788     
   3.0155085225567770      -0.12575033218884291       0.12575033218884299     
   3.0365225192296466      -0.10487691667061949       0.10487691667061987     
   3.0575365159025161       -8.3957190462850911E-002   8.3957190462851328E-002
   3.0785505125753856       -6.3000391126829453E-002   6.3000391126829258E-002
   3.0995645092482551       -4.2015772594290499E-002   4.2015772594290644E-002
   3.1205785059211246       -2.1012601081156886E-002   2.1012601081157042E-002
   3.1415925025939950       -1.5140459014981315E-007   1.5140459021895830E-007
  -3.1415925025939941       -1.5140459014981315E-007   1.5140459021895830E-007
  -3.1205785059211246       -2.1012601081156886E-002   2.1012601081157042E-002
  -3.0995645092482551       -4.2015772594290499E-002   4.2015772594290644E-002
  -3.0785505125753856       -6.3000391126829453E-002   6.3000391126829258E-002
  -3.0575365159025161       -8.3957190462850911E-002   8.3957190462851328E-002
  -3.0365225192296466      -0.10487691667061949       0.10487691667061987     
  -3.0155085225567770      -0.12575033218884291       0.12575033218884299     
  -2.9944945258839075      -0.14656821990572849       0.14656821990572788     
  -2.9734805292110380      -0.16732138722898598       0.16732138722898640     
  -2.9524665325381685      -0.18800067014503591       0.18800067014503541     
  -2.9314525358652990      -0.20859693726556339       0.20859693726556300     
  -2.9104385391924295      -0.22910109385969168       0.22910109385969202     
  -2.8894245425195599      -0.24950408586995565       0.24950408586995554     
  -2.8684105458466904      -0.26979690391031563       0.26979690391031591     
  -2.8473965491738209      -0.28997058724445390       0.28997058724445418     
  -2.8263825525009514      -0.31001622774257831       0.31001622774257842     
  -2.8053685558280819      -0.32992497381500263       0.32992497381500319     
  -2.7843545591552123      -0.34968803432076145       0.34968803432076162     
  -2.7633405624823428      -0.36929668244952751       0.36929668244952779     
  -2.7423265658094733      -0.38874225957512365       0.38874225957512420     
  -2.7213125691366038      -0.40801617907893351       0.40801617907893378     
  -2.7002985724637343      -0.42710993014150489       0.42710993014150500     
  -2.6792845757908648      -0.44601508150068947       0.44601508150068958     
  -2.6582705791179952      -0.46472328517465256       0.46472328517465233     
  -2.6372565824451257      -0.48322628014810132       0.48322628014810187     
  -2.6162425857722562      -0.50151589602012359       0.50151589602012314     
  -2.5952285890993867      -0.51958405661199758       0.51958405661199769     
  -2.5742145924265167      -0.53742278353341510       0.53742278353341533     
  -2.5532005957536472      -0.55502419970550410       0.55502419970550376     
  -2.5321865990807777      -0.57238053283912893       0.57238053283912971     
  -2.5111726024079082      -0.58948411886691843       0.58948411886691843     
  -2.4901586057350387      -0.60632740532749163       0.60632740532749152     
  -2.4691446090621691      -0.62290295470042123       0.62290295470042079     
  -2.4481306123892996      -0.63920344769042825       0.63920344769042803     
  -2.4271166157164301      -0.65522168645937806       0.65522168645937773     
  -2.4061026190435606      -0.67095059780464150       0.67095059780464128     
  -2.3850886223706911      -0.68638323628242337       0.68638323628242359     
  -2.3640746256978216      -0.70151278727467403       0.70151278727467392     
  -2.3430606290249520      -0.71633256999823081       0.71633256999823081     
  -2.3220466323520825      -0.73083604045486616       0.73083604045486639     
  -2.3010326356792130      -0.74501679432093204       0.74501679432093193     
  -2.2800186390063435      -0.75886856977532657       0.75886856977532668     
  -2.2590046423334740      -0.77238525026454141       0.77238525026454130     
  -2.2379906456606045      -0.78556086720355500       0.78556086720355556     
  -2.2169766489877349      -0.79838960261139746       0.79838960261139713     
  -2.1959626523148654      -0.81086579168019846       0.81086579168019823     
  -2.1749486556419959      -0.82298392527661446       0.82298392527661446     
  -2.1539346589691264      -0.83473865237450307       0.83473865237450351     
  -2.1329206622962569      -0.84612478241778755       0.84612478241778710     
  -2.1119066656233874      -0.85713728761245411       0.85713728761245389     
  -2.0908926689505178      -0.86777130514669198       0.86777130514669187     
  -2.0698786722776483      -0.87802213933816953       0.87802213933816942     
  -2.0488646756047788      -0.88788526370751475       0.88788526370751530     
  -2.0278506789319093      -0.89735632297708490       0.89735632297708479     
  -2.0068366822590393      -0.90643113499412853       0.90643113499412808     
  -1.9858226855861700      -0.91510569257750962       0.91510569257750951     
  -1.9648086889133005      -0.92337616528716726       0.92337616528716737     
  -1.9437946922404310      -0.93123890111552732       0.93123890111552754     
  -1.9227806955675615      -0.93869042810012715       0.93869042810012693     
  -1.9017666988946920      -0.94572745585673479       0.94572745585673446     
  -1.8807527022218224      -0.95234687703229204       0.95234687703229204     
  -1.8597387055489529      -0.95854576867703378       0.95854576867703367     
  -1.8387247088760834      -0.96432139353517776       0.96432139353517810     
  -1.8177107122032139      -0.96967120125362394       0.96967120125362360     
  -1.7966967155303444      -0.97459282950811188       0.97459282950811199     
  -1.7756827188574749      -0.97908410504636456       0.97908410504636456     
  -1.7546687221846053      -0.98314304464772873       0.98314304464772895     
  -1.7336547255117358      -0.98676785599891348       0.98676785599891292     
  -1.7126407288388663      -0.98995693848542055       0.98995693848542055     
  -1.6916267321659968      -0.99270888389833756       0.99270888389833734     
  -1.6706127354931273      -0.99502247705615643       0.99502247705615632     
  -1.6495987388202578      -0.99689669634136679       0.99689669634136735     
  -1.6285847421473882      -0.99833071415157515       0.99833071415157515     
  -1.6075707454745187      -0.99932389726494475       0.99932389726494486     
  -1.5865567488016492      -0.99987580711981527       0.99987580711981483     
  -1.5655427521287795      -0.99998620000835392       0.99998620000835381     
  -1.5445287554559100      -0.99965502718417421       0.99965502718417443     
  -1.5235147587830404      -0.99888243488385853       0.99888243488385875     
  -1.5025007621101709      -0.99766876426238449       0.99766876426238471     
  -1.4814867654373014      -0.99601455124248051       0.99601455124248073     
  -1.4604727687644319      -0.99392052627797844       0.99392052627797833     
  -1.4394587720915624      -0.99138761403126430       0.99138761403126374     
  -1.4184447754186928      -0.98841693296497279       0.98841693296497335     
  -1.3974307787458233      -0.98500979484811158       0.98500979484811146     
  -1.3764167820729538      -0.98116770417681143       0.98116770417681154     
  -1.3554027854000843      -0.97689235750999126       0.97689235750999126     
  -1.3343887887272148      -0.97218564272020203       0.97218564272020158     
  -1.3133747920543453      -0.96704963815999445       0.96704963815999423     
  -1.2923607953814757      -0.96148661174418049       0.96148661174418060     
  -1.2713467987086062      -0.95549901994838438       0.95549901994838438     
  -1.2503328020357367      -0.94908950672433035       0.94908950672433068     
  -1.2293188053628672      -0.94226090233235249       0.94226090233235216     
  -1.2083048086899977      -0.93501622209162560       0.93501622209162538     
  -1.1872908120171282      -0.92735866504869113       0.92735866504869113     
  -1.1662768153442586      -0.91929161256484493       0.91929161256484515     
  -1.1452628186713891      -0.91081862682302517       0.91081862682302561     
  -1.1242488219985196      -0.90194344925485170       0.90194344925485193     
  -1.1032348253256501      -0.89266999888851517       0.89266999888851506     
  -1.0822208286527806      -0.88300237061824505       0.88300237061824483     
  -1.0612068319799111      -0.87294483339612094       0.87294483339612028     
  -1.0401928353070415      -0.86250182834702049       0.86250182834702049     
  -1.0191788386341720      -0.85167796680755004       0.85167796680754948     
 -0.99816484196130251      -0.84047802828979923       0.84047802828979923     
 -0.97715084528843299      -0.82890695837085304       0.82890695837085304     
 -0.95613684861556347      -0.81696986650895642       0.81696986650895675     
 -0.93512285194269396      -0.80467202378732683       0.80467202378732716     
 -0.91410885526982444      -0.79201886058659010       0.79201886058658966     
 -0.89309485859695448      -0.77901596418687591       0.77901596418687535     
 -0.87208086192408496      -0.76566907630063685       0.76566907630063663     
 -0.85106686525121544      -0.75198409053726700       0.75198409053726667     
 -0.83005286857834593      -0.73796704980065053       0.73796704980065020     
 -0.80903887190547641      -0.72362414362078509       0.72362414362078520     
 -0.78802487523260689      -0.70896170542066250       0.70896170542066306     
 -0.76701087855973737      -0.69398620971960567       0.69398620971960578     
 -0.74599688188686786      -0.67870426927430194       0.67870426927430194     
 -0.72498288521399834      -0.66312263215879952       0.66312263215879963     
 -0.70396888854112882      -0.64724817878474572       0.64724817878474628     
 -0.68295489186825931      -0.63108791886319437       0.63108791886319437     
 -0.66194089519538979      -0.61464898830930914       0.61464898830930925     
 -0.64092689852252027      -0.59793864609135094       0.59793864609135106     
 -0.61991290184965075      -0.58096427102531845       0.58096427102531834     
 -0.59889890517678124      -0.56373335851667217       0.56373335851667217     
 -0.57788490850391172      -0.54625351725057469       0.54625351725057458     
 -0.55687091183104220      -0.52853246583210911       0.52853246583210933     
 -0.53585691515817269      -0.51057802937796226       0.51057802937796215     
 -0.51484291848530317      -0.49239813606107175       0.49239813606107180     
 -0.49382892181243365      -0.47400081360977053       0.47400081360977026     
 -0.47281492513956414      -0.45539418576296531       0.45539418576296509     
 -0.45180092846669462      -0.43658646868292639       0.43658646868292639     
 -0.43078693179382510      -0.41758596732725928       0.41758596732725906     
 -0.40977293512095558      -0.39840107178166895       0.39840107178166895     
 -0.38875893844808607      -0.37904025355513848       0.37904025355513865     
 -0.36774494177521655      -0.35951206183914541       0.35951206183914541     
 -0.34673094510234703      -0.33982511973258134       0.33982511973258150     
 -0.32571694842947752      -0.31998812043403535       0.31998812043403491     
 -0.30470295175660800      -0.30000982340312010       0.30000982340311994     
 -0.28368895508373848      -0.27989905049254549       0.27989905049254571     
 -0.26267495841086896      -0.25966468205263460       0.25966468205263432     
 -0.24166096173799945      -0.23931565301000901       0.23931565301000876     
 -0.22064696506512993      -0.21886094892218189       0.21886094892218216     
 -0.19963296839226041      -0.19830960200978959       0.19830960200978962     
 -0.17861897171939090      -0.17767068716820855       0.17767068716820869     
 -0.15760497504652138      -0.15695331796035011       0.15695331796034995     
 -0.13659097837365186      -0.13616664259235756       0.13616664259235800     
 -0.11557698170078234      -0.11531983987402417       0.11531983987402447     
  -9.4562985027912827E-002  -9.4422115165682718E-002   9.4422115165683482E-002
  -7.3548988355043310E-002  -7.3482696313385387E-002   7.3482696313385581E-002
  -5.2534991682173793E-002  -5.2510829574136872E-002   5.2510829574136796E-002
  -3.1520995009304276E-002  -3.1515775533010687E-002   3.1515775533010812E-002
  -1.0506998336434759E-002  -1.0506805013959421E-002   1.0506805013959781E-002
   1.0506998336435203E-002  -1.0506805013959421E-002   1.0506805013959781E-002
   3.1520995009304720E-002  -3.1515775533012880E-002   3.1515775533013317E-002
   5.2534991682174237E-002  -5.2510829574136872E-002   5.2510829574136796E-002
   7.3548988355043754E-002  -7.3482696313385387E-002   7.3482696313385581E-002
   9.4562985027913271E-002  -9.4422115165685161E-002   9.4422115165685092E-002
  0.11557698170078279      -0.11531983987402639       0.11531983987402651     
  0.13659097837365231      -0.13616664259235822       0.13616664259235853     
  0.15760497504652182      -0.15695331796035034       0.15695331796035042     
  0.17861897171939134      -0.17767068716820855       0.17767068716820869     
  0.19963296839226086      -0.19830960200978998       0.19830960200978984     
  0.22064696506513037      -0.21886094892218316       0.21886094892218302     
  0.24166096173799989      -0.23931565301000912       0.23931565301000926     
  0.26267495841086941      -0.25966468205263482       0.25966468205263454     
  0.28368895508373893      -0.27989905049254638       0.27989905049254626     
  0.30470295175660844      -0.30000982340312032       0.30000982340312043     
  0.32571694842947796      -0.31998812043403502       0.31998812043403507     
  0.34673094510234748      -0.33982511973258223       0.33982511973258189     
  0.36774494177521699      -0.35951206183914630       0.35951206183914569     
  0.38875893844808651      -0.37904025355513926       0.37904025355513898     
  0.40977293512095603      -0.39840107178166928       0.39840107178166950     
  0.43078693179382554      -0.41758596732725950       0.41758596732725928     
  0.45180092846669506      -0.43658646868292716       0.43658646868292705     
  0.47281492513956458      -0.45539418576296486       0.45539418576296564     
  0.49382892181243410      -0.47400081360977042       0.47400081360977070     
  0.51484291848530361      -0.49239813606107186       0.49239813606107208     
  0.53585691515817313      -0.51057802937796293       0.51057802937796271     
  0.55687091183104265      -0.52853246583210889       0.52853246583210944     
  0.57788490850391216      -0.54625351725057536       0.54625351725057469     
  0.59889890517678168      -0.56373335851667239       0.56373335851667250     
  0.61991290184965120      -0.58096427102531889       0.58096427102531878     
  0.64092689852252072      -0.59793864609135117       0.59793864609135128     
  0.66194089519539023      -0.61464898830930959       0.61464898830930947     
  0.68295489186825975      -0.63108791886319482       0.63108791886319482     
  0.70396888854112927      -0.64724817878474616       0.64724817878474650     
  0.72498288521399878      -0.66312263215879974       0.66312263215879974     
  0.74599688188686830      -0.67870426927430261       0.67870426927430227     
  0.76701087855973782      -0.69398620971960545       0.69398620971960612     
  0.78802487523260734      -0.70896170542066295       0.70896170542066339     
  0.80903887190547685      -0.72362414362078509       0.72362414362078542     
  0.83005286857834637      -0.73796704980065053       0.73796704980065042     
  0.85106686525121589      -0.75198409053726700       0.75198409053726711     
  0.87208086192408540      -0.76566907630063730       0.76566907630063685     
  0.89309485859695492      -0.77901596418687569       0.77901596418687569     
  0.91410885526982444      -0.79201886058659010       0.79201886058658966     
  0.93512285194269396      -0.80467202378732683       0.80467202378732716     
  0.95613684861556347      -0.81696986650895642       0.81696986650895675     
  0.97715084528843299      -0.82890695837085304       0.82890695837085304     
  0.99816484196130251      -0.84047802828979923       0.84047802828979923     
   1.0191788386341720      -0.85167796680755004       0.85167796680754948     
   1.0401928353070415      -0.86250182834702049       0.86250182834702049     
   1.0612068319799111      -0.87294483339612094       0.87294483339612028     
   1.0822208286527806      -0.88300237061824505       0.88300237061824483     
   1.1032348253256501      -0.89266999888851517       0.89266999888851506     
   1.1242488219985196      -0.90194344925485170       0.90194344925485193     
   1.1452628186713891      -0.91081862682302517       0.91081862682302561     
   1.1662768153442586      -0.91929161256484493       0.91929161256484515     
   1.1872908120171282      -0.92735866504869113       0.92735866504869113     
   1.2083048086899977      -0.93501622209162560       0.93501622209162538     
   1.2293188053628672      -0.94226090233235249       0.94226090233235216     
   1.2503328020357367      -0.94908950672433035       0.94908950672433068     
   1.2713467987086062      -0.95549901994838438       0.95549901994838438     
   1.2923607953814757      -0.96148661174418049       0.96148661174418060     
   1.3133747920543453      -0.96704963815999445       0.96704963815999423     
   1.3343887887272148      -0.97218564272020203       0.97218564272020158     
   1.3554027854000852      -0.97689235750999104       0.97689235750999148     
   1.3764167820729547      -0.98116770417681121       0.98116770417681176     
   1.3974307787458242      -0.98500979484811135       0.98500979484811169     
   1.4184447754186937      -0.98841693296497302       0.98841693296497335     
   1.4394587720915633      -0.99138761403126408       0.99138761403126385     
   1.4604727687644328      -0.99392052627797844       0.99392052627797844     
   1.4814867654373023      -0.99601455124248051       0.99601455124248084     
   1.5025007621101718      -0.99766876426238471       0.99766876426238471     
   1.5235147587830413      -0.99888243488385875       0.99888243488385886     
   1.5445287554559108      -0.99965502718417421       0.99965502718417432     
   1.5655427521287804      -0.99998620000835392       0.99998620000835381     
   1.5865567488016499      -0.99987580711981505       0.99987580711981483     
   1.6075707454745194      -0.99932389726494475       0.99932389726494475     
   1.6285847421473889      -0.99833071415157515       0.99833071415157515     
   1.6495987388202584      -0.99689669634136657       0.99689669634136724     
   1.6706127354931279      -0.99502247705615576       0.99502247705615621     
   1.6916267321659975      -0.99270888389833756       0.99270888389833722     
   1.7126407288388670      -0.98995693848542077       0.98995693848542043     
   1.7336547255117365      -0.98676785599891326       0.98676785599891281     
   1.7546687221846060      -0.98314304464772917       0.98314304464772873     
   1.7756827188574755      -0.97908410504636478       0.97908410504636456     
   1.7966967155303450      -0.97459282950811144       0.97459282950811188     
   1.8177107122032146      -0.96967120125362283       0.96967120125362349     
   1.8387247088760841      -0.96432139353517798       0.96432139353517787     
   1.8597387055489536      -0.95854576867703356       0.95854576867703345     
   1.8807527022218231      -0.95234687703229115       0.95234687703229171     
   1.9017666988946926      -0.94572745585673412       0.94572745585673434     
   1.9227806955675621      -0.93869042810012604       0.93869042810012671     
   1.9437946922404317      -0.93123890111552754       0.93123890111552721     
   1.9648086889133012      -0.92337616528716682       0.92337616528716704     
   1.9858226855861707      -0.91510569257750962       0.91510569257750918     
   2.0068366822590402      -0.90643113499412853       0.90643113499412775     
   2.0278506789319097      -0.89735632297708467       0.89735632297708467     
   2.0488646756047793      -0.88788526370751497       0.88788526370751508     
   2.0698786722776488      -0.87802213933816886       0.87802213933816919     
   2.0908926689505183      -0.86777130514669221       0.86777130514669176     
   2.1119066656233878      -0.85713728761245367       0.85713728761245356     
   2.1329206622962573      -0.84612478241778688       0.84612478241778688     
   2.1539346589691268      -0.83473865237450395       0.83473865237450340     
   2.1749486556419964      -0.82298392527661446       0.82298392527661413     
   2.1959626523148659      -0.81086579168019779       0.81086579168019801     
   2.2169766489877354      -0.79838960261139680       0.79838960261139691     
   2.2379906456606049      -0.78556086720355500       0.78556086720355534     
   2.2590046423334744      -0.77238525026454052       0.77238525026454097     
   2.2800186390063439      -0.75886856977532657       0.75886856977532624     
   2.3010326356792135      -0.74501679432093160       0.74501679432093160     
   2.3220466323520830      -0.73083604045486616       0.73083604045486594     
   2.3430606290249525      -0.71633256999823014       0.71633256999823025     
   2.3640746256978220      -0.70151278727467381       0.70151278727467359     
   2.3850886223706915      -0.68638323628242359       0.68638323628242315     
   2.4061026190435610      -0.67095059780464128       0.67095059780464084     
   2.4271166157164306      -0.65522168645937739       0.65522168645937739     
   2.4481306123893001      -0.63920344769042736       0.63920344769042792     
   2.4691446090621696      -0.62290295470042079       0.62290295470042067     
   2.4901586057350391      -0.60632740532749119       0.60632740532749119     
   2.5111726024079086      -0.58948411886691754       0.58948411886691809     
   2.5321865990807781      -0.57238053283912893       0.57238053283912915     
   2.5532005957536477      -0.55502419970550410       0.55502419970550332     
   2.5742145924265172      -0.53742278353341466       0.53742278353341488     
   2.5952285890993867      -0.51958405661199758       0.51958405661199769     
   2.6162425857722562      -0.50151589602012359       0.50151589602012314     
   2.6372565824451257      -0.48322628014810132       0.48322628014810187     
   2.6582705791179952      -0.46472328517465256       0.46472328517465233     
   2.6792845757908648      -0.44601508150068947       0.44601508150068958     
   2.7002985724637343      -0.42710993014150489       0.42710993014150500     
   2.7213125691366038      -0.40801617907893351       0.40801617907893378     
   2.7423265658094733      -0.38874225957512365       0.38874225957512420     
   2.7633405624823428      -0.36929668244952751       0.36929668244952779     
   2.7843545591552123      -0.34968803432076145       0.34968803432076162     
   2.8053685558280819      -0.32992497381500263       0.32992497381500319     
   2.8263825525009514      -0.31001622774257831       0.31001622774257842     
   2.8473965491738209      -0.28997058724445390       0.28997058724445418     
   2.8684105458466904      -0.26979690391031563       0.26979690391031591     
   2.8894245425195599      -0.24950408586995565       0.24950408586995554     
   2.9104385391924295      -0.22910109385969168       0.22910109385969202     
   2.9314525358652990      -0.20859693726556339       0.20859693726556300     
   2.9524665325381685      -0.18800067014503591       0.18800067014503541     
   2.9734805292110380      -0.16732138722898598       0.16732138722898640     
   2.9944945258839075      -0.14656821990572849       0.14656821990572788     
   3.0155085225567770      -0.12575033218884291       0.12575033218884299     
   3.0365225192296466      -0.10487691667061949       0.10487691667061987     
   3.0575365159025161       -8.3957190462850911E-002   8.3957190462851328E-002
   3.0785505125753856       -6.3000391126829453E-002   6.3000391126829258E-002
   3.0995645092482551       -4.2015772594290499E-002   4.2015772594290644E-002
   3.1205785059211246       -2.1012601081156886E-002   2.1012601081157042E-002
   3.1415925025939950       -1.5140459014981315E-007   1.5140459021895830E-007
